Mutations in test.fas.blast													
													
Total sequences in this group: 107598													
Good sequences in this group: 107400													
reads identical to reference: 0													
Blank lines indicate no mutations found at the sites													
====================================													
Compared to wild type reference:													
		Mutations				Deletions		Insertions					
reference	A	C	G	T	N	Deletions	a	c	g	t	n	point mutation %	indel %
C1													
T2													
G3	114	25	0	10	0	0	0	0	0	0	0	0.14	0
A4	0	16	48	17	0	0	0	0	0	0	0	0.08	0
A5	0	32	16	11	0	0	0	0	0	0	0	0.05	0
A6	0	12	19	5	0	0	0	0	0	0	0	0.03	0
A7	0	32	9	10	0	0	0	7	0	0	0	0.05	0.01
T8	4	41	1	0	0	3	0	0	0	9	0	0.04	0.01
C9	7	0	2	46	0	1	0	0	0	0	0	0.05	0
C10	8	0	1	37	0	153	0	11	0	0	0	0.04	0.15
A11	0	25	9	6	0	39	15	1	0	0	0	0.04	0.05
T12	5	52	1	0	0	10	0	0	0	4	0	0.05	0.01
A13	0	46	14	8	0	63	7	0	0	0	0	0.06	0.07
C14	3	0	7	25	0	58	0	4	0	0	0	0.03	0.06
A15	0	10	12	7	0	4	2	1	0	2	0	0.03	0.01
A16	0	37	15	8	0	114	12	6	0	0	0	0.06	0.12
T17	2	48	2	0	0	2	0	0	0	1	0	0.05	0
A18	0	66	25	11	0	13	2	0	0	1	0	0.09	0.01
C19	9	0	9	115	0	48	0	6	0	0	0	0.12	0.05
T20	8	32	0	0	0	17	0	0	0	2	0	0.04	0.02
C21	10	0	13	146	0	2	0	1	0	1	0	0.16	0
C22	7	0	5	95	0	60	0	22	0	2	0	0.1	0.08
A23	0	19	23	13	0	7	11	7	0	0	0	0.05	0.02
G24	81	25	0	21	0	2	0	0	8	0	0	0.12	0.01
T25	5	26	1	0	0	3	0	0	0	0	0	0.03	0
A26	0	161	14	19	0	3	0	0	0	0	0	0.18	0
T27	16	19	0	0	0	0	0	0	0	0	0	0.03	0
T28	4	18	0	0	0	0	0	0	0	0	0	0.02	0
T29	5	26	2	0	0	16	0	0	0	4	0	0.03	0.02
G30	145	32	0	161	0	5	0	0	0	0	0	0.31	0
C31	13	0	19	695	0	0	0	0	0	0	0	0.68	0
C32	3	0	10	131	0	3	0	0	0	0	0	0.13	0
A33	0	23	19	5328	0	2	0	0	0	0	0	5	0
T34	9	20	3	0	0	2	0	0	0	0	0	0.03	0
A35	0	106	13	5	0	2	0	0	0	0	0	0.12	0
A36	0	12	13	2	0	5	0	0	0	0	0	0.03	0
A37	0	27	20	9	0	17	0	1	0	0	0	0.05	0.02
G38	86	13	0	7	0	3	0	0	0	0	0	0.1	0
A39	0	65	27	5	0	0	0	0	0	0	0	0.09	0
A40	0	7	17	9	0	0	0	0	0	0	0	0.03	0
A41	0	7	11	0	0	0	0	0	0	0	0	0.02	0
A42	0	5	9	7	0	0	0	0	0	0	0	0.02	0
A43	0	9	63	6	0	1	0	0	0	0	0	0.07	0
A44	0	25	25046	7	0	53	1	0	0	0	0	23.35	0.05
G45	103	14	0	8	0	0	0	0	0	0	0	0.12	0
A46	0	70	23	9	0	0	0	0	0	0	0	0.09	0
C47	4	0	7	42720	0	0	0	0	0	0	0	39.79	0
A48	0	30	40	8	0	0	0	0	0	0	0	0.07	0
G49	89	25	0	7	0	0	0	0	0	0	0	0.11	0
T50	14	32	2	0	0	0	0	0	0	0	0	0.04	0
A51	0	56	15	11	0	2	0	0	0	0	0	0.08	0
C52	10	0	4	152	0	2	0	0	0	0	0	0.15	0
T53	8	26	1	0	0	0	0	0	0	0	0	0.03	0
A54	0	9	18	11	0	0	0	0	0	0	0	0.04	0
A55	0	31	12	12	0	1	0	0	0	0	0	0.05	0
A56	0	21	61	8	0	10	0	0	0	0	0	0.08	0.01
T57	3	15	0	0	0	0	0	0	0	0	0	0.02	0
G58	97	23	0	15	0	0	0	0	0	0	0	0.13	0
G59	138	20	0	9	0	2	0	0	0	0	0	0.16	0
A60	0	81	36	17	0	0	0	0	0	0	0	0.12	0
G61	109	15	0	9	0	2	0	0	0	0	0	0.12	0
A62	0	41	55310	50	0	1	0	0	0	0	0	51.58	0
A63	0	18	23	6	0	1	0	0	0	0	0	0.04	0
A64	0	12	25	8	0	0	0	0	0	0	0	0.04	0
A65	0	29	36	7	0	6	0	0	0	0	0	0.07	0.01
T66	3	20	1	0	0	1	0	0	0	0	0	0.02	0
T67	3	14	2	0	0	1	0	0	0	0	0	0.02	0
A68	0	83	23	13	0	2	0	0	0	0	0	0.11	0
G69	105	17	0	11	0	0	0	0	0	0	0	0.12	0
T70	11	29	4	0	0	1	0	0	0	0	0	0.04	0
A71	0	83	36	9	0	2	0	0	0	0	0	0.12	0
G72	115	8	0	8	0	2	0	0	0	0	0	0.12	0
A73	0	63	11	1	0	1	0	0	0	0	0	0.07	0
T74	11	9873	0	0	0	0	0	0	0	0	0	9.2	0
T75	1	23	0	0	0	0	0	0	0	0	0	0.02	0
T76	6	14	1	0	0	4	3	0	2	5	0	0.02	0.01
C77	9	0	10	51043	0	12	0	0	0	0	0	47.54	0.01
A78	0	9	38	13	0	1	0	0	0	0	0	0.06	0
G79	113	17	0	12	0	1	0	0	0	0	0	0.13	0
A80	0	33	15	10	0	0	0	0	0	0	0	0.05	0
G81	105	16	0	6	0	9	0	0	0	0	0	0.12	0.01
A82	0	50	18	4	0	7	0	0	0	0	0	0.07	0.01
A83	0	3	348	10	0	1	0	0	0	0	0	0.34	0
C84	4	0	1	115	0	0	0	0	0	0	0	0.11	0
T85	13	17	14	0	0	1	0	0	0	0	0	0.04	0
T86	21	20	10	0	0	2	0	0	0	0	0	0.05	0
A87	0	58	15	10	0	1	0	0	0	0	0	0.08	0
A88	0	59	22	5	0	2	0	0	0	0	0	0.08	0
T89	13	56512	16	0	0	4	0	0	0	0	0	52.65	0
A90	0	20	15	5	0	1	0	0	0	0	0	0.04	0
A91	0	19	13033	22	0	6	0	0	0	0	0	12.17	0.01
G92	137	15	0	13	0	0	0	0	0	0	0	0.15	0
A93	0	26	15	10	0	0	0	0	0	0	0	0.05	0
G94	50602	4	0	5	0	3	0	0	0	0	0	47.12	0
A95	0	8	11	4	0	0	0	0	0	0	0	0.02	0
A96	0	8	17	10	0	0	0	0	0	0	0	0.03	0
C97	6	0	2	142	0	0	0	0	0	0	0	0.14	0
T98	11	28	3	0	0	0	0	0	0	0	0	0.04	0
C99	13	0	10	106	0	6	0	0	0	0	0	0.12	0.01
A100	0	14	32	6	0	1	0	0	0	0	0	0.05	0
A101	0	16	23	8	0	6	0	0	0	0	0	0.04	0.01
G102	96	14	0	10	0	0	0	0	0	0	0	0.11	0
A103	0	22	11	12	0	1	0	0	0	0	0	0.04	0
C104	7	0	0	106414	0	3	0	0	0	0	0	99.09	0
T105	1	18	4	0	0	0	0	1	0	0	0	0.02	0
T106	6	18	0	0	0	0	0	0	0	0	0	0.02	0
C107	6	0	11	5061	0	4	0	0	0	1	0	4.73	0
T108	2	23	4	0	0	1	0	0	0	0	0	0.03	0
G109	121	11	0	8	0	0	0	0	0	0	0	0.13	0
G110	165	17	0	21	0	10	0	0	0	0	0	0.19	0.01
G111	114	14	0	17	0	28	0	0	0	0	0	0.14	0.03
A112	0	37	14	8	0	1	0	0	0	0	0	0.05	0
A113	0	30	63	8	0	3	0	0	0	0	0	0.09	0
G114	103	12	0	12	0	0	0	0	0	0	0	0.12	0
T115	11	15	5	0	0	0	0	0	0	0	0	0.03	0
T116	284	24	5	0	0	1	0	0	0	0	0	0.29	0
C117	4	0	17	111	0	8	0	0	0	0	0	0.12	0.01
A118	0	8	25	12	0	1	0	0	0	0	0	0.04	0
A119	0	15	12	14	0	2	0	0	0	0	0	0.04	0
T120	6	12	2	0	0	1	0	0	0	0	0	0.02	0
T121	3	12	2	0	0	8	0	0	0	0	0	0.02	0.01
A122	0	19	515	11	0	3	0	0	0	0	0	0.51	0
G123	120	9	0	24	0	1	0	0	0	0	0	0.14	0
G124	119	19	0	11	0	1	0	0	0	0	0	0.14	0
A125	0	45	177	149	0	1	0	0	0	0	0	0.35	0
A126	0	14	18	3	0	2	0	0	0	0	0	0.03	0
T127	5	19	1	0	0	1	0	1	0	0	0	0.02	0
A128	0	27	23	13	0	2	0	0	0	0	0	0.06	0
C129	6	0	13	121	0	2	0	0	0	0	0	0.13	0
C130	10	0	14	138	0	6	0	0	0	1	0	0.15	0.01
A131	0	23	34	19	0	1	0	0	2	2	0	0.07	0
C132	8	0	4	87	0	2	0	0	0	0	0	0.09	0
A133	0	7	11	3	0	2	0	0	0	0	0	0.02	0
T134	7	12	1	0	0	0	0	0	0	0	0	0.02	0
C135	1	0	6	118	0	2	0	0	0	0	0	0.12	0
C136	7	0	12	130	0	2	0	0	0	0	0	0.14	0
C137	6	0	4	106252	0	4	0	0	0	0	0	98.94	0
G138	151	8	0	13	0	4	0	0	0	0	0	0.16	0
C139	4	0	13	266	0	4	0	0	0	4	0	0.26	0.01
A140	0	8	38	12	0	2	0	0	0	0	0	0.05	0
G141	144	7	0	21	0	0	0	0	0	0	0	0.16	0
G142	123	15	0	8	0	0	0	0	0	0	0	0.14	0
G143	145	3	0	20	0	0	0	0	0	0	0	0.16	0
T144	10	58	19	0	0	0	0	0	0	0	0	0.08	0
T145	12	12	13	0	0	4	0	0	0	0	0	0.03	0
A146	0	13	25	51	0	3	0	0	0	0	0	0.08	0
A147	0	3	18	4	0	2	0	0	0	0	0	0.02	0
A148	0	11	12	4	0	2	0	0	0	0	0	0.03	0
A149	0	1	20	3	0	1	1	0	0	0	0	0.02	0
A150	0	12	14	4	0	11	5	0	0	1	0	0.03	0.02
A151	0	23	30	3	0	91	9	0	0	0	0	0.05	0.09
G152	70	16	0	6	0	3	0	0	0	0	0	0.09	0
A153	0	27	29	12	0	0	0	0	0	0	0	0.06	0
A154	0	7	44	3	0	0	0	0	0	0	0	0.05	0
A155	0	2	13	1	0	0	0	0	0	0	0	0.01	0
A156	0	2	21	5	0	1	0	0	0	0	0	0.03	0
A157	0	2	8111	6	0	1	0	0	0	0	0	7.56	0
A158	0	8	98554	575	0	56	1	0	0	0	0	92.31	0.05
T159	11	24	5	0	0	1	0	0	0	0	0	0.04	0
C160	6	0	9	110	0	1	0	0	0	0	0	0.12	0
A161	0	2	35	3	0	0	0	0	0	0	0	0.04	0
G162	109	11	0	13	0	1	0	0	0	0	0	0.12	0
T163	10	26	5	0	0	2	0	0	0	0	0	0.04	0
A164	0	14	12	4	0	2	0	0	0	0	0	0.03	0
A165	0	15	9	8	0	9	0	0	0	0	0	0.03	0.01
C166	12	0	5	100	0	1	0	0	0	0	0	0.11	0
A167	0	41	15	8	0	2	0	0	0	0	0	0.06	0
G168	103	4	0	13	0	1	0	0	0	0	0	0.11	0
T169	8	20	4	0	0	3	0	0	0	0	0	0.03	0
A170	0	37	16	8	0	6	0	0	0	0	0	0.06	0.01
C171	6	0	7	128	0	3	0	0	0	0	0	0.13	0
T172	5	17	2	0	0	1	0	0	0	0	0	0.02	0
G173	135	10	0	20	0	1	0	0	0	0	0	0.15	0
G174	126	8	0	10	0	3	0	0	0	0	0	0.13	0
A175	0	10	25	18	0	2	0	0	0	0	0	0.05	0
T176	3	14	5	0	0	1	0	0	0	0	0	0.02	0
G177	120	11	0	9	0	0	0	0	0	0	0	0.13	0
T178	9	26	38	0	0	1	0	0	0	0	0	0.07	0
G179	132	10	0	37	0	2	0	0	0	0	0	0.17	0
G180	168	14	0	33	0	3	0	0	0	0	0	0.2	0
G181	144	12	0	12	0	17	0	0	0	0	0	0.16	0.02
T182	36	36	81	0	0	8	0	0	0	0	0	0.14	0.01
G183	108	7	0	16	0	7	0	0	0	0	0	0.12	0.01
A184	0	2	9	31	0	1	0	0	0	0	0	0.04	0
T185	4	29	8	0	0	1	0	0	1	0	0	0.04	0
G186	230	23	0	24	0	3	0	0	0	0	0	0.26	0
C187	59	0	21	138	0	3	0	0	0	0	0	0.2	0
A188	0	9	31	19	0	2	0	0	0	0	0	0.05	0
T189	6	26	0	0	0	2	0	0	2	0	0	0.03	0
A190	0	22	10	11	0	5	0	0	0	0	0	0.04	0
T191	15	1205	2	0	0	5	0	0	0	0	0	1.14	0
T192	3	18	0	0	0	0	0	0	0	0	0	0.02	0
T193	2	15	0	0	0	1	0	0	0	0	0	0.02	0
T194	4	1359	3	0	0	1	0	1	0	0	0	1.27	0
T195	5	19	0	0	0	75	0	0	0	1	0	0.02	0.07
C196	20	0	10	139	0	8	0	0	0	0	0	0.16	0.01
A197	0	17	52	13	0	2	0	0	0	0	0	0.08	0
G198	135	3	0	16	0	2	0	0	0	0	0	0.14	0
T199	17	19	7	0	0	2	0	0	0	0	0	0.04	0
T200	11	26	0	0	0	4	0	0	0	0	0	0.03	0
C201	9	0	9	133	0	4	0	0	0	0	0	0.14	0
C202	19	0	14	219	0	4	0	0	0	0	0	0.23	0
C203	13	0	6	151	0	11	0	0	0	0	0	0.16	0.01
T204	54	31	16	0	0	16	0	0	0	0	0	0.09	0.01
T205	4	24	3	0	0	16	0	0	0	0	0	0.03	0.01
A206	0	34	13	9	0	10	3	1	1	1	0	0.05	0.01
G207	43	106060	0	120	0	21	0	0	0	0	0	98.9	0.02
A208	0	17	14	23	0	15	0	1	0	0	0	0.05	0.01
T209	7	27	5	0	0	13	9	6	7	6	0	0.04	0.04
G210	275	26	0	14	0	15	0	0	1	0	0	0.29	0.01
A211	0	14	38	14	0	16	0	0	0	0	0	0.06	0.01
A212	0	14	42	17	0	16	0	0	0	0	0	0.07	0.01
G213	99	6	0	5	0	16	3	0	0	6	0	0.1	0.02
A214	0	10	25	11	0	15	0	0	0	0	0	0.04	0.01
C215	132	0	17	1330	0	17	0	1	0	0	0	1.38	0.02
T216	10	17	3	0	0	16	0	0	0	0	0	0.03	0.01
T217	21	22	7	0	0	17	0	0	0	0	0	0.05	0.02
C218	30	0	15	133	0	22	0	0	0	0	0	0.17	0.02
A219	0	99	51	6	0	22	15	18	18	18	0	0.15	0.08
G220	122	9	0	18	0	24	0	0	0	0	0	0.14	0.02
G221	134	11	0	19	0	16	0	0	0	1	0	0.15	0.02
A222	0	19	43	8	0	20	0	0	0	0	0	0.07	0.02
A223	0	20	36	9	0	16	3	0	6	0	0	0.06	0.02
G224	20696	531	0	36	0	19	0	0	0	0	0	19.8	0.02
T225	28	18	18	0	0	15	10	17	3	0	0	0.06	0.04
A226	0	9	20	26	0	16	4	4	2	5	0	0.05	0.03
T227	16	163	1	0	0	16	0	0	0	0	0	0.17	0.01
A228	0	37	19	26	0	17	3	4	3	5	0	0.08	0.03
C229	20	0	9	154	0	15	0	0	0	0	0	0.17	0.01
T230	7	24	6	0	0	15	0	0	0	0	0	0.03	0.01
G231	173	19	0	11	0	17	0	2	0	2	0	0.19	0.02
C232	12	0	12	111	0	17	35	27	28	16	0	0.13	0.11
A233	0	16	20	22	0	18	0	0	0	0	0	0.05	0.02
T234	18	6	2	0	0	35	0	0	0	0	0	0.02	0.03
T235	11	13	1	0	0	19	0	0	0	0	0	0.02	0.02
T236	8	29	5	0	0	18	16	9	12	12	0	0.04	0.06
A237	0	28	27	22	0	19	0	2	1	12	0	0.07	0.03
C238	26	0	14	130	0	23	5	3	3	9	0	0.16	0.04
C239	52	0	10	116	0	28	9249	810	861	710	0	0.17	10.85
A240	0	13	14	34	0	657	184	55	40	1333	0	0.06	2.11
A241	0	9	29	16	0	138	6	3	3	4	0	0.05	0.14
A242	0	14	159	12	0	121	10	7	8	2	0	0.17	0.14
A243	0	3	15	11	0	159	26	10	7	22	0	0.03	0.21
T244	45	17	198	0	0	123	2	0	4	0	0	0.24	0.12
C245	33	0	19	123	0	116	0	0	0	0	0	0.16	0.11
T246	86	78	585	0	0	118	2	3	1	2	0	0.7	0.12
T247	24	17	299	0	0	106	1	0	0	0	0	0.32	0.1
A248	0	11	26	20	0	110	0	0	0	0	0	0.05	0.1
G249	1595	13	0	9	0	107	7	3	1	4	0	1.51	0.11
A250	0	7	25	11	0	99	0	0	0	0	0	0.04	0.09
G251	671	45	0	104680	0	105	2	0	1	2	0	98.13	0.1
C252	525	0	14	176	0	101	7	0	0	0	0	0.67	0.1
C253	211	0	6	137	0	99	0	0	0	0	0	0.33	0.09
T254	135	130	233	0	0	134	0	0	0	0	0	0.46	0.12
T255	36	24	50	0	0	103	0	0	0	0	0	0.1	0.1
T256	115	16	373	0	0	96	0	0	0	0	0	0.47	0.09
T257	247	38	478	0	0	96	0	0	0	0	0	0.71	0.09
A258	0	24	19	42	0	100	0	0	0	0	0	0.08	0.09
G259	193	39	0	58	0	97	1	0	0	0	0	0.27	0.09
A260	0	13	16	31	0	99	0	0	0	0	0	0.06	0.09
A261	0	11	8	6	0	75	0	0	0	0	0	0.02	0.07
A262	0	20	5274	8	0	65	0	0	0	0	0	4.94	0.06
A263	0	57	11	20	0	60	0	0	0	0	0	0.08	0.06
C264	907	0	11	130	0	58	2	2	0	1	0	0.98	0.06
A265	0	29	18	34	0	81	0	0	0	0	0	0.08	0.08
A266	0	20	10	43	0	49	0	0	0	0	0	0.07	0.05
A267	0	6	19	9	0	45	0	0	0	0	0	0.03	0.04
A268	0	8	20	5	0	43	0	0	0	0	0	0.03	0.04
T269	542	184	467	0	0	47	0	0	0	0	0	1.11	0.04
C270	134	0	19	123	0	39	0	0	0	0	0	0.26	0.04
C271	113	0	12	127	0	36	0	0	0	0	0	0.23	0.03
A272	0	3	22	20	0	38	0	0	0	1	0	0.04	0.04
G273	4584	11	0	14	0	41	0	0	0	0	0	4.29	0.04
A274	0	2	16	8	0	36	0	0	0	0	0	0.02	0.03
C275	105686	0	16	5	0	39	0	0	0	0	0	98.42	0.04
A276	0	1	10	3	0	30	1	0	0	0	0	0.01	0.03
T277	708	12	210	0	0	31	0	0	0	0	0	0.87	0.03
A278	0	3	22	3	0	29	0	0	0	0	0	0.03	0.03
G279	229	11	0	85	0	30	0	0	0	0	0	0.3	0.03
T280	60	20	671	0	0	34	0	0	0	0	0	0.7	0.03
T281	82	38	365	0	0	27	0	0	0	0	0	0.45	0.03
A282	0	5	7	7	0	26	0	0	0	0	0	0.02	0.02
T283	371	17	218	0	0	22	0	0	0	0	0	0.56	0.02
C284	32	0	15	164	0	21	0	0	0	0	0	0.2	0.02
T285	82	29	196	0	0	12	0	0	0	0	0	0.29	0.01
A286	0	4	20	8	0	9	0	0	0	0	0	0.03	0.01
T287	142	26	468	0	0	8	0	0	1	0	0	0.59	0.01
C288	242	0	18	101	0	11	0	0	0	0	0	0.34	0.01
A289	0	7	18	4	0	6	2	3	1	2	0	0.03	0.01
A290	0	16	20	11	0	5	0	0	0	0	0	0.04	0
T291	18	13	110	0	0	5	0	0	0	0	0	0.13	0
A292	0	4	30	22	0	2	0	0	0	0	0	0.05	0
C293	13	0	15	1883	0	3	1	0	0	0	0	1.78	0
A294	0	2	22	9	0	1	0	0	0	0	0	0.03	0
T295	129	27	117	0	0	1	0	0	0	0	0	0.25	0
G296	136	15	0	53	0	0	0	0	0	0	0	0.19	0
G297	160	13	0	32	0	1	0	0	0	0	0	0.19	0
A298	0	0	29	6	0	0	0	1	0	0	0	0.03	0
T299	454	22	316	0	0	0	0	0	0	0	0	0.74	0
G300	139	7	0	35	0	3	0	2	0	0	0	0.17	0
A301	0	1	14	20	0	0	0	0	0	0	0	0.03	0
T302	116	105506	7	0	0	5	2	1	0	0	0	98.35	0.01
T303	138	33	875	0	0	0	0	0	0	0	0	0.97	0
T304	36	26	84	0	0	7	0	0	0	0	0	0.14	0.01
G305	3222	12	0	27	0	9	0	0	0	0	0	3.04	0.01
T306	16	12	1164	0	0	2	0	0	0	0	0	1.11	0
A307	0	9	29	6	0	2	0	0	0	0	0	0.04	0
T308	56	18	59	0	0	10	0	0	0	0	0	0.12	0.01
G309	135	7	0	12	0	13	2	0	0	0	0	0.14	0.01
T310	24	34	242	0	0	4	1	4	0	3	0	0.28	0.01
A311	0	18	49	5	0	4	0	0	0	0	0	0.07	0
G312	143	8	0	28	0	1	0	0	0	0	0	0.17	0
G313	114	18	0	18	0	0	0	0	0	0	0	0.14	0
A314	0	15	26	22	0	1	0	0	0	0	0	0.06	0
T315	76	14	82	0	0	3	0	0	0	0	0	0.16	0
C316	50	0	9	113	0	3	0	0	0	0	0	0.16	0
T317	19	31	58	0	0	1	0	0	0	0	0	0.1	0
G318	114	9	0	7	0	5	0	0	0	0	0	0.12	0
A319	0	2	19	15	0	4	0	0	0	0	0	0.03	0
C320	214	0	10	163	0	5	0	0	0	0	0	0.36	0
T321	43	10	1962	0	0	11	0	0	0	0	0	1.88	0.01
T322	7	28	363	0	0	3	0	1	0	0	0	0.37	0
A323	0	0	38	3	0	1	0	0	0	0	0	0.04	0
G324	112	5	0	9	0	2	0	0	0	0	0	0.12	0
A325	0	3	15	7	0	6	0	0	0	0	0	0.02	0.01
A326	0	2	31	4	0	6	0	0	0	0	0	0.03	0.01
A327	0	0	10	3	0	6	0	0	0	0	0	0.01	0.01
T328	22	12	870	0	0	6	0	0	0	0	0	0.84	0.01
A329	0	1	351	12	0	7	0	0	0	0	0	0.34	0.01
G330	132	10	0	51	0	18	0	0	0	0	0	0.18	0.02
G331	175	9	0	48	0	6	0	0	0	0	0	0.22	0.01
G332	847	14	0	25	0	4	0	0	0	0	0	0.82	0
C333	41	0	9	126	0	8	0	0	0	0	0	0.16	0.01
A334	0	2	36	2	0	1	0	0	0	0	0	0.04	0
G335	386	14	0	10	0	1	0	0	0	0	0	0.38	0
C336	42	0	19	109	0	1	0	0	0	0	0	0.16	0
A337	0	0	27	10	0	2	0	0	0	0	0	0.03	0
T338	53	18	403	0	0	2	0	0	0	0	0	0.44	0
A339	0	4	25	7	0	4	0	0	0	0	0	0.03	0
G340	162	10	0	15	0	3	1	1	0	1	0	0.17	0.01
A341	0	5	21893	3	0	6	0	0	0	1	0	20.39	0.01
A342	0	10	1628	6	0	2	0	0	0	0	0	1.53	0
C343	1613	0	21	143	0	1	3	0	0	0	0	1.65	0
A344	0	0	19	6	0	76	0	0	0	0	0	0.02	0.07
A345	0	0	20	2	0	0	0	0	0	0	0	0.02	0
A346	0	4	12	8	0	0	0	0	0	1	0	0.02	0
A347	0	2	16	5	0	3	0	0	0	0	0	0.02	0
A348	0	6	24	3	0	3	0	0	0	0	0	0.03	0
T349	28	33	703	0	0	4	0	0	0	0	0	0.71	0
A350	0	3	27	6	0	6	0	0	0	0	0	0.03	0.01
G351	198	10	0	14	0	8	0	0	0	1	0	0.21	0.01
A352	0	28	37	13	0	5	0	0	0	0	0	0.07	0
G353	246	10	0	23	0	5	0	0	0	0	0	0.26	0
G354	283	10	0	6	0	0	0	0	0	0	0	0.28	0
A355	0	0	17	5	0	0	0	0	0	0	0	0.02	0
G356	105715	3	0	6	0	0	0	0	0	0	0	98.44	0
C357	70	0	3	109	0	0	2	0	0	0	0	0.17	0
T358	18	28	115	0	0	0	0	0	0	0	0	0.15	0
G359	146	6	0	3	0	0	0	0	0	0	0	0.14	0
A360	0	1	22	12	0	0	0	0	0	0	0	0.03	0
G361	129	5	0	5	0	2	0	0	0	0	0	0.13	0
A362	0	0	18	16	0	8	0	0	0	0	0	0.03	0.01
C363	141	0	105566	4	0	10	0	0	0	0	0	98.43	0.01
A364	0	1	14	6	0	2	0	0	0	0	0	0.02	0
A365	0	1	1108	11	0	0	0	0	0	0	0	1.04	0
C366	84	0	15	137	0	0	0	0	0	0	0	0.22	0
A367	0	4	12	11	0	0	0	0	0	0	0	0.03	0
T368	273	16	3139	0	0	1	0	0	0	0	0	3.19	0
C369	78	0	10	112	0	1	0	0	0	0	0	0.19	0
T370	19	19	194	0	0	0	0	0	0	0	0	0.22	0
G371	155	5	0	5	0	1	0	0	0	0	0	0.15	0
T372	11	20	709	0	0	4	0	0	0	0	0	0.69	0
T373	50	38	3315	0	0	1	0	0	0	0	0	3.17	0
G374	7622	9	0	17	0	6	0	0	0	0	0	7.12	0.01
A375	0	0	14	11	0	2	0	0	0	0	0	0.02	0
G376	105841	0	0	4	0	2	0	0	0	0	0	98.55	0
G377	113	3	0	29	0	1	0	0	0	0	0	0.14	0
T378	7	16	17	0	0	2	0	0	6	0	0	0.04	0.01
G379	126	8	0	35	0	2	0	0	0	0	0	0.16	0
G380	143	8	0	60	0	2	0	0	0	0	0	0.2	0
G381	163	21	0	16	0	3	0	0	0	0	0	0.19	0
G382	136	12	0	24	0	4	0	0	0	0	0	0.16	0
A383	0	3	105511	8	0	61	0	0	0	0	0	98.25	0.06
C384	26	0	611	105205	0	8	0	0	0	0	0	98.55	0.01
T385	23	23	470	0	0	4	0	0	0	0	0	0.48	0
T386	32	34	720	0	0	3	0	0	0	0	0	0.73	0
A387	0	16	35	40	0	4	0	0	0	0	0	0.08	0
C388	84	0	8	137	0	13	0	0	0	0	0	0.21	0.01
C389	1672	0	7	233	0	10	0	0	0	0	0	1.78	0.01
A390	0	25	29	14	0	13	0	0	0	0	0	0.06	0.01
C391	118	0	14	126	0	6	0	0	0	0	0	0.24	0.01
A392	0	35	39	13	0	6	0	0	0	0	0	0.08	0.01
C393	198	0	19	148	0	10	0	0	0	0	0	0.34	0.01
C394	230	0	16	110	0	5	0	0	0	1	0	0.33	0.01
A395	0	1	15	10	0	8	0	0	0	0	0	0.02	0.01
G396	132	6	0	4	0	10	0	0	0	0	0	0.13	0.01
A397	0	7	52	11	0	8	0	0	0	0	0	0.07	0.01
C398	258	0	11	149	0	12	10	0	0	0	0	0.39	0.02
A399	0	0	16	1	0	45	0	0	0	0	0	0.02	0.04
A400	0	1	18	9	0	3	0	1	0	0	0	0.03	0
A401	0	2	14	2	0	2	0	0	0	0	0	0.02	0
A402	0	1	10	1	0	2	0	0	0	0	0	0.01	0
A403	0	4	14	5	0	2	0	0	0	0	0	0.02	0
A404	0	26	43	13	0	2	0	0	0	0	0	0.08	0
C405	102	0	10	99	0	1	0	0	0	0	0	0.2	0
A406	0	1	13	7	0	2	0	0	0	0	0	0.02	0
T407	55	231	5098	0	0	2	0	5	0	0	0	5.01	0.01
C408	3183	0	14	113	0	3	0	0	0	0	0	3.08	0
A409	0	3	42	14	0	9	0	0	0	0	0	0.05	0.01
G410	273	7	0	6	0	3	0	0	12	14	0	0.27	0.03
A411	0	7	14	1	0	12	0	0	0	0	0	0.02	0.01
A412	0	1	36	25	0	2	0	0	0	0	0	0.06	0
A413	0	15	157	22	0	5	1	1	2	2	0	0.18	0.01
G414	135	28	0	11	0	5	0	2	0	0	0	0.16	0.01
A415	0	2	33	5	0	1	2	2	0	0	0	0.04	0
A416	0	50	55	122	0	2	0	0	15	16	0	0.21	0.03
C417	516	0	24	118	0	4	0	0	0	0	0	0.61	0
C418	5387	0	100	119	0	5	0	0	0	0	0	5.22	0
T419	65	44	786	0	0	8	7	11	14	7	0	0.83	0.04
C420	75	0	34	95	0	11	0	0	0	0	0	0.19	0.01
C421	36	0	20	139	0	6	8	2	10	9	0	0.18	0.03
A422	0	3	33	9	0	25	13	9	11	8	0	0.04	0.06
T423	40	24	585	0	0	25	10	8	6	4	0	0.6	0.05
T424	143	53	1659	0	0	6	0	0	0	0	0	1.73	0.01
C425	137	0	229	2445	0	6	2	4	6	0	0	2.62	0.02
C426	19	0	24	1180	0	4	5	1	0	0	0	1.14	0.01
T427	10	311	4468	0	0	24	0	0	1	0	0	4.46	0.02
T428	5	18	655	0	0	3	0	0	0	0	0	0.63	0
T429	4	23	1092	0	0	0	0	0	0	0	0	1.04	0
G430	134	15	0	28	0	3	1	0	0	1	0	0.16	0
G431	151	7	0	7	0	0	1	0	0	0	0	0.15	0
A432	0	4	30	7	0	0	0	0	1	0	0	0.04	0
T433	13	10	212	0	0	71	0	0	0	0	0	0.22	0.07
G434	139	12	0	16	0	3	0	0	0	0	0	0.16	0
G435	145	17	0	32	0	0	0	0	0	0	0	0.18	0
G436	152	10	0	55	0	2	0	0	0	0	0	0.2	0
T437	11	20	88	0	0	350	0	0	0	0	0	0.11	0.33
T438	3	15	116	0	0	5	1	0	0	0	0	0.12	0.01
A439	0	3	427	6	0	4932	4	10	10	3	0	0.41	4.62
T440	36	42	213	0	0	59	3	0	0	0	0	0.27	0.06
G441	155	33	0	19	0	51	0	0	0	1	0	0.19	0.05
A442	0	20	30	20	0	39	0	0	1	1	0	0.07	0.04
A443	0	11	83	29	0	33	0	0	0	0	0	0.11	0.03
C444	107	0	32	135	0	45	0	2	0	0	0	0.26	0.04
T445	26	44	1306	0	0	42	0	0	0	0	0	1.28	0.04
C446	99	0	35	117	0	34	1	1	0	0	0	0.23	0.03
C447	99	0	16	137	0	39	25	0	4	4	0	0.23	0.07
A448	0	2	30	8	0	69	2	17	19	4	0	0.04	0.1
N449	41399	27825	29559	7356	0	213	0	0	0	0	0	98.83	0.2
N450	24482	19938	29126	32642	0	164	0	0	0	0	0	98.87	0.15
N451	33309	12151	29822	30922	0	148	0	0	0	0	0	98.89	0.14
N452	60014	8549	30308	7344	0	137	0	0	0	0	0	98.9	0.13
N453	56180	10157	12588	27314	0	113	0	0	0	0	0	98.92	0.11
N454	49762	30736	8590	17163	0	101	0	0	0	0	0	98.93	0.09
N455	14331	44964	29470	17501	0	86	0	0	0	0	0	98.94	0.08
N456	29083	7625	25145	44430	0	69	0	0	0	0	0	98.96	0.06
N457	39676	22105	18139	26391	0	41	0	0	0	0	0	98.99	0.04
N458	35785	11542	19936	39073	0	16	0	0	0	0	0	99.01	0.01
C459	30	0	8	117	0	8	0	0	0	0	0	0.14	0.01
T460	36	37	93	0	0	1	0	0	0	0	0	0.15	0
A461	0	2	28	5	0	2	0	0	0	0	0	0.03	0
G462	94	1	0	5	0	2	0	0	0	0	0	0.09	0
C463	53	0	21	95	0	5	2	0	4	1	0	0.16	0.01
A464	0	3	29	4	0	1	0	0	62	0	0	0.03	0.06
G465	80	3	0	10	0	92	1	0	1	0	0	0.09	0.09
G466	40	5	0	9	0	0	17	0	0	0	0	0.05	0.02
A467	0	3	39	11	0	54	0	0	2	20	0	0.05	0.07
T468	39	21	35	0	0	77	0	0	7	0	0	0.09	0.08
G469	82	2	0	6	0	111	10	0	0	0	0	0.08	0.11
A470	0	0	73	6	0	30	0	15	0	0	0	0.07	0.04
C471	9	0	15	61	0	31	0	0	0	51	0	0.08	0.08
T472	59	29	65	0	0	119	0	0	0	0	0	0.14	0.11
T473	56	15	145	0	0	0	0	15	0	0	0	0.2	0.01
C474	44	0	29	55	0	52	0	0	10	0	0	0.12	0.06
G475	68	4	0	8	0	105	16	0	0	0	0	0.07	0.11
A476	0	3	41	4	0	71	0	0	2	0	0	0.04	0.07
T477	54	19	90	0	0	0	0	0	0	0	0	0.15	0
A478	0	10	160	7	0	0	0	0	0	0	0	0.16	0
C479													
********************************													
